  1     1.000000     0.000000
  2     2.000000     0.000000
  3     3.270000     0.000000
  4     4.758501     0.000000
  5     6.600001     0.000000
  6     8.934501     0.000000
  7    11.970300     0.000000
  8    15.949500     0.000000
  9    21.134899     0.000000
 10    27.852600     0.000000
 11    36.504101     0.000000
 12    47.580601     0.000000
 13    61.677910     0.000000
 14    79.513412     0.000000
 15   101.944000     0.000000
 16   130.050995     0.000000
 17   165.078995     0.000000
 18   208.496994     0.000000
 19   262.020996     0.000000
 20   327.643005     0.000000
 21   407.657104     0.000000
 22   504.680115     0.000000
 23   621.680115     0.000000
 24   761.984070     0.000000
 25   929.294128     0.000000
 26  1127.689941     0.000000
 27  1364.339966     0.000000
 28  1645.709961     0.000000
 29  1979.160034     0.000000
 30  2373.040039     0.000000
 31  2836.780029     0.000000
 32  3381.000000     0.000000
 33  4017.541016     0.000000
 34  4764.391113     0.000000
 35  5638.791016     0.000000
 36  6660.340820     0.000000
 37  7851.230957     0.000000
 38  9236.572266     0.000000
 39 10866.299805     0.000000
 40 12783.700195     0.000000
 41 15039.299805     0.000000
 42 17693.000000     0.000000
 43 20119.199219     0.006960
 44 21686.500000     0.028010
 45 22436.300781     0.063720
 46 22389.800781     0.113602
 47 21877.589844     0.156224
 48 21214.990234     0.200350
 49 20325.890625     0.246741
 50 19309.689453     0.294403
 51 18161.890625     0.343381
 52 16960.890625     0.392891
 53 15625.990234     0.443740
 54 14290.990234     0.494590
 55 12869.589844     0.546304
 56 11895.860352     0.581041
 57 10918.169922     0.615818
 58  9936.521484     0.650634
 59  8909.992188     0.685899
 60  7883.420898     0.721165
 61  7062.198242     0.749378
 62  6436.263184     0.770637
 63  5805.320801     0.791946
 64  5169.609863     0.813303
 65  4533.899902     0.834660
 66  3898.199951     0.856018
 67  3257.080078     0.877429
 68  2609.199951     0.898908
 69  1961.310059     0.920387
 70  1313.479980     0.941865
 71   659.375183     0.963406
 72     4.804825     0.984951
 73     0.000000     1.000000
