    1.500  52.737  4.181  0.00000015   13.95   14.44
    2.635  52.737  5.724  0.00000017   12.22   11.78
    4.014  52.737  5.293  0.00000018   11.19   11.62
    5.679  52.737  4.887  0.00000019   11.46   12.22
    7.767  52.737  4.520  0.00000019   11.94   12.17
   10.452  52.737  4.122  0.00000019   12.04   11.56
   13.960  52.737  3.687  0.00000017   11.61   10.89
   18.542  52.737  3.385  0.00000017   11.27   10.58
   24.494  52.737  3.263  0.00000014   10.38    9.84
   32.178  52.737  3.247  0.00000013    9.88    9.30
   42.042  52.737  3.231  0.00000012    9.55    8.86
   54.629  52.737  3.039  0.00000011    9.80    8.74
   70.596  52.737  3.069  0.00000011   10.16    8.33
   90.729  52.737  2.805  0.00000013    7.83    6.63
  115.998  52.737  2.482  0.00000013    5.31    4.70
  147.565  52.737  2.221  0.00000013    4.83    4.25
  186.788  52.737  2.218  0.00000013    4.57    4.00
  235.259  52.737  2.074  0.00000012    4.10    3.50
  294.832  52.737  1.803  0.00000011    3.71    3.08
  367.650  52.737  1.581  0.00000010    3.34    2.85
  456.169  52.737  1.455  0.00000009    3.08    2.67
  563.180  52.737  1.371  0.00000010    2.96    2.55
  691.832  52.737  1.282  0.00000011    2.92    2.42
  845.639  52.737  1.193  0.00000012    2.81    2.26
 1028.492  52.737  1.121  0.00000012    2.38    2.07
 1246.015  52.737  1.059  0.00000011    2.08    1.90
 1505.025  52.737  0.989  0.00000011    2.15    1.83
 1812.435  52.737  0.968  0.00000010    2.05    1.77
 2176.101  52.737  0.917  0.00000009    1.88    1.66
 2604.911  52.737  0.855  0.00000008    1.81    1.59
 3108.891  52.737  0.837  0.00000008    1.81    1.59
 3699.271  52.737  0.837  0.00000009    1.82    1.58
 4390.966  52.737  0.837  0.00000010    1.83    1.56
 5201.591  52.737  0.878  0.00000012    1.87    1.65
 6149.566  52.737  0.934  0.00000015    1.96    1.75
 7255.786  52.737  0.986  0.00000019    2.15    1.89
 8543.902  52.737  0.996  0.00000025    2.44    2.16
10051.438  52.737  0.915  0.00000036    2.83    2.46
11825.002  52.737  0.895  0.00000066    3.02    2.70
13911.503  52.737  0.828  0.00000153    3.23    2.95
16366.153  52.737  0.788  0.00000402    3.34    3.14
19254.104  52.737  0.737  0.00001028    3.19    3.09
22651.355  52.737  0.713  0.00002429    3.04    2.95
26647.908  52.737  0.730  0.00005263    2.95    2.88
31279.158  52.737  0.715  0.00009967    2.89    2.79
35625.008  52.737  0.765  0.00016106    2.90    2.77
39375.008  52.737  0.744  0.00022276    2.79    2.66
43125.008  52.737  0.753  0.00031154    2.68    2.54
46875.008  52.737  0.740  0.00039867    2.57    2.45
50625.008  52.737  0.733  0.00049403    2.49    2.35
54375.008  52.737  0.733  0.00058610    2.38    2.26
58125.012  52.737  0.738  0.00067540    2.27    2.16
61875.016  52.737  0.747  0.00075159    2.18    2.07
65625.016  52.737  0.760  0.00081689    2.10    2.00
68750.016  52.737  0.799  0.00091374    2.05    1.94
71250.016  52.737  0.812  0.00097438    2.00    1.89
73750.016  52.737  0.837  0.00103376    1.94    1.84
76250.000  52.737  0.896  0.00110683    1.90    1.79
78750.000  52.737  0.982  0.00118572    1.85    1.75
81000.016  52.737  1.056  0.00125289    1.81    1.72
82750.023  52.737  1.075  0.00128384    1.77    1.70
84250.008  52.737  1.129  0.00132248    1.74    1.69
85750.008  52.737  1.170  0.00133181    1.71    1.68
87250.008  52.737  1.119  0.00126491    1.68    1.66
88750.000  52.737  1.085  0.00116990    1.65    1.65
90249.992  52.737  1.078  0.00104910    1.64    1.66
91749.992  52.737  1.089  0.00090524    1.64    1.68
93250.008  52.737  1.119  0.00079351    1.67    1.72
94750.000  52.737  1.171  0.00074905    1.71    1.77
96249.984  52.737  1.234  0.00073070    1.73    1.81
97750.000  52.737  1.300  0.00072385    1.64    1.73
99250.008  52.737  1.315  0.00072496    1.48    1.55
