   0.0100
   0.0200
   0.0327
   0.0476
   0.0660
   0.0893
   0.1197
   0.1595
   0.2113
   0.2785
   0.3650
   0.4758
   0.6168
   0.7951
   1.0194
   1.3005
   1.6508
   2.0850
   2.6202
   3.2764
   4.0766
   5.0468
   6.2168
   7.6198
   9.2929
  11.2769
  13.6434
  16.4571
  19.7916
  23.7304
  28.3678
  33.8100
  40.1754
  47.6439
  56.3879
  66.6034
  78.5123
  92.3657
 108.6630
 127.8370
 150.3930
 176.9300
 208.1520
 244.8751
 288.0831
 337.5001
 375.0001
 412.5001
 450.0001
 487.5001
 525.0001
 562.5001
 600.0001
 637.5001
 675.0001
 700.0001
 725.0001
 750.0002
 774.9998
 800.0002
 820.0002
 835.0001
 850.0002
 865.0001
 880.0000
 895.0000
 909.9998
 925.0000
 940.0001
 954.9998
 969.9998
 985.0000
1000.0000
