VERTGRID72:
   1        1.000000        0.000000
   2        2.000000        0.000000
   3        3.270000        0.000000
   4        4.758501        0.000000
   5        6.600001        0.000000
   6        8.934502        0.000000
   7       11.970302        0.000000
   8       15.949503        0.000000
   9       21.134903        0.000000
  10       27.852606        0.000000
  11       36.504108        0.000000
  12       47.580608        0.000000
  13       61.677910        0.000000
  14       79.513412        0.000000
  15      101.944023        0.000000
  16      130.051025        0.000000
  17      165.079025        0.000000
  18      208.497040        0.000000
  19      262.021057        0.000000
  20      327.643066        0.000000
  21      407.657104        0.000000
  22      504.680084        0.000000
  23      621.680115        0.000000
  24      761.984192        0.000000
  25      929.294189        0.000000
  26     1127.690186        0.000000
  27     1364.340210        0.000000
  28     1645.710327        0.000000
  29     1979.160400        0.000000
  30     2373.040527        0.000000
  31     2836.780518        0.000000
  32     3381.000732        0.000000
  33     4017.541016        0.000000
  34     4764.391113        0.000000
  35     5638.791016        0.000000
  36     6660.341309        0.000000
  37     7851.231445        0.000000
  38     9236.572266        0.000000
  39    10866.301758        0.000000
  40    12783.703125        0.000000
  41    15039.302734        0.000000
  42    17693.003906        0.000000
  43    20119.201172        0.006960
  44    21686.501953        0.028010
  45    22436.300781        0.063720
  46    22389.800781        0.113602
  47    21877.597656        0.156224
  48    21214.998047        0.200350
  49    20325.898438        0.246741
  50    19309.695312        0.294403
  51    18161.896484        0.343381
  52    16960.896484        0.392891
  53    15625.996094        0.443740
  54    14290.995117        0.494590
  55    12869.593750        0.546304
  56    11895.862305        0.581042
  57    10918.170898        0.615818
  58     9936.521484        0.650635
  59     8909.992188        0.685900
  60     7883.421875        0.721166
  61     7062.198242        0.749378
  62     6436.263672        0.770638
  63     5805.321289        0.791947
  64     5169.610840        0.813304
  65     4533.900879        0.834661
  66     3898.200928        0.856018
  67     3257.080811        0.877429
  68     2609.200684        0.898908
  69     1961.310547        0.920387
  70     1313.480347        0.941865
  71      659.375244        0.963406
  72        4.804826        0.984952
  73        0.000000        1.000000
